   5.5334872e+00
   4.1999457e+00
   6.0493563e+00
   3.2617184e+00
   6.3187349e+00
   4.9266473e+00
   4.7807253e+00
   5.6332672e+00
   5.5763004e+00
   4.9322786e+00
   5.7599496e+00
   4.7735445e+00
   4.7155508e+00
   4.5410639e+00
   4.3690812e+00
   5.7094195e+00
   5.3465513e+00
   5.7499791e+00
   5.0521729e+00
   4.7194326e+00
   4.5594618e+00
   6.0047992e+00
   4.4158367e+00
   4.3460054e+00
   4.5436847e+00
   4.7435881e+00
   4.9459796e+00
   6.1944061e+00
   3.5382498e+00
   5.9986010e+00
   4.2453352e+00
   3.6049105e+00
   4.4331298e+00
   5.0755293e+00
   6.0273792e+00
   4.8634076e+00
   6.9188905e+00
   5.5295820e+00
   4.2232698e+00
   6.5228999e+00
   5.6831539e+00
   6.5838911e+00
   4.6020090e+00
   4.8726402e+00
   5.1886329e+00
   5.8864900e+00
   4.9352948e+00
   5.0101695e+00
   5.3156446e+00
   4.1725003e+00
   5.2066128e+00
   4.9320343e+00
   4.5103647e+00
   5.8306889e+00
   6.0014941e+00
   4.5985057e+00
   4.8217908e+00
   5.0892258e+00
   5.5003809e+00
   5.4454313e+00
   4.9284109e+00
   5.0404275e+00
   5.1528908e+00
   5.7169902e+00
   5.6703911e+00
   4.2748707e+00
   6.0139041e+00
   4.4782270e+00
   4.0271242e+00
   4.2816144e+00
   4.1836157e+00
   4.2540746e+00
   4.7606506e+00
   5.4224452e+00
   5.3226351e+00
   4.3017822e+00
   4.5059701e+00
   6.2526977e+00
   4.7797764e+00
   3.8590221e+00
   3.5018816e+00
   5.0528053e+00
   5.3404760e+00
   5.0450831e+00
   4.3870971e+00
   4.7514713e+00
   6.1203189e+00
   5.2988967e+00
   4.7919170e+00
   4.8398593e+00
   5.2222067e+00
   3.8558192e+00
   4.4837826e+00
   6.2113725e+00
   4.7454191e+00
   3.8086951e+00
   5.5183003e+00
   3.6393748e+00
   6.2665449e+00
   4.6658681e+00
   5.2120884e+00
   4.3978566e+00
   4.4040968e+00
   4.0649252e+00
   4.3344286e+00
   4.2280517e+00
   5.1350625e+00
   4.5757242e+00
   5.5100085e+00
   2.9675540e+00
   3.1690067e+00
   6.2838701e+00
   5.2711548e+00
   4.0389486e+00
   5.2081005e+00
   6.8631194e+00
   5.1437149e+00
   4.0503596e+00
   4.4437937e+00
   3.3438990e+00
   4.4212211e+00
   5.5807143e+00
   3.2757066e+00
   6.1526595e+00
   4.4303686e+00
   4.2273371e+00
   4.4199032e+00
   5.3808163e+00
   3.7730498e+00
   5.4909811e+00
   5.1656651e+00
   4.2931612e+00
   4.4313399e+00
   5.6141234e+00
   5.6427616e+00
   4.6029446e+00
   5.8917844e+00
   5.8864090e+00
   4.1642584e+00
   4.2394078e+00
   5.2243024e+00
   3.3632731e+00
   4.7934037e+00
   5.2174142e+00
   5.4727401e+00
   4.0167611e+00
   4.7438338e+00
   4.5987377e+00
   5.7208813e+00
   5.4220905e+00
   4.5849955e+00
   4.3131453e+00
   6.4965540e+00
   5.5069921e+00
   5.9004920e+00
   4.5859159e+00
   4.6829378e+00
   5.5962020e+00
   5.5495248e+00
   5.3756427e+00
   4.1269971e+00
   4.6372534e+00
   4.5174472e+00
   4.3065712e+00
   5.2416240e+00
   3.8716006e+00
   5.0042093e+00
   5.1141160e+00
   5.0149650e+00
   4.5478064e+00
   4.7176905e+00
   5.5623353e+00
   4.1806505e+00
   5.3501555e+00
   4.7777733e+00
   5.8731251e+00
   4.6341557e+00
   4.2637880e+00
   5.9353701e+00
   6.5100318e+00
   5.0736951e+00
   4.9745166e+00
   4.5938609e+00
   5.0811171e+00
   5.0647585e+00
   6.0181757e+00
   5.4113785e+00
   4.5403158e+00
   4.8999156e+00
   5.6057432e+00
   5.0490691e+00
   4.7910965e+00
   6.0456197e+00
   5.6562787e+00
   4.9600273e+00
   3.7594988e+00
   5.2591887e+00
   4.6442886e+00
   5.5424151e+00
   6.4102835e+00
   4.6090923e+00
   5.3427430e+00
   5.6133988e+00
   5.2328133e+00
   5.1044994e+00
   3.8992852e+00
   3.6324962e+00
   5.2254289e+00
   4.5795364e+00
   5.0865828e+00
   5.4083909e+00
   5.1217485e+00
   4.8401323e+00
   5.9742802e+00
   3.7571575e+00
   5.3920850e+00
   5.5207981e+00
   5.1034794e+00
   4.8860468e+00
   5.1208461e+00
   4.2315652e+00
   5.9038579e+00
   4.5359676e+00
   3.7099093e+00
   4.4647813e+00
   4.8557740e+00
   4.9325004e+00
   5.5198832e+00
   4.5689973e+00
   5.0303037e+00
   6.7552959e+00
   5.6753686e+00
   4.2487191e+00
   5.0284802e+00
   3.9790385e+00
   5.6184786e+00
   6.1827039e+00
   4.8370689e+00
   5.4679808e+00
   5.1063691e+00
   4.9229165e+00
   4.8796105e+00
   5.1565300e+00
   4.1802143e+00
   5.2599967e+00
   6.2911275e+00
   4.9011921e+00
   3.9394141e+00
   5.6248687e+00
   5.6106558e+00
   6.4193720e+00
   5.1173230e+00
   4.2689180e+00
   5.4771898e+00
   5.4325665e+00
   5.4076996e+00
   5.4390522e+00
   5.3146488e+00
   3.9748923e+00
   4.9083009e+00
   5.2461441e+00
   5.1276798e+00
   6.2872441e+00
   4.1682476e+00
   5.1762476e+00
   5.0595542e+00
   4.6871729e+00
   4.5948973e+00
   3.7713510e+00
   5.0020393e+00
   6.0327827e+00
   5.3626086e+00
   5.8737128e+00
   5.5553228e+00
   3.6349589e+00
   5.4124839e+00
   4.1850457e+00
   5.8664054e+00
   4.9191063e+00
   4.3752209e+00
   5.3707958e+00
   4.9955722e+00
   5.0112268e+00
   4.5111615e+00
   5.9054853e+00
   3.7251213e+00
   6.7246775e+00
   4.1864230e+00
   5.9692750e+00
   4.6114933e+00
   5.3444340e+00
   4.2882073e+00
   5.0373339e+00
   4.1978954e+00
   4.8721944e+00
   4.2902229e+00
   4.5462193e+00
   4.2624203e+00
   5.0413080e+00
   4.2852170e+00
   4.2606693e+00
   5.4723477e+00
   5.0464504e+00
   5.0704165e+00
   4.3206691e+00
   4.9764813e+00
   6.0763285e+00
   3.8691973e+00
   4.5769846e+00
   4.6006045e+00
   5.2167353e+00
   4.2009522e+00
   5.5078460e+00
   5.2894993e+00
   5.5544235e+00
   3.8486630e+00
   5.6993651e+00
   5.0128582e+00
   4.2451140e+00
   4.4248897e+00
   4.9608789e+00
   5.6654236e+00
   5.3085687e+00
   3.9294069e+00
   4.0304321e+00
   4.6450900e+00
   4.5474979e+00
   6.1331969e+00
   4.5777485e+00
   5.1415008e+00
   6.4279927e+00
   4.3369679e+00
   4.6420322e+00
   4.4993385e+00
   3.2685133e+00
   4.5324654e+00
   4.6045408e+00
   6.0559469e+00
   5.7195828e+00
   5.0400455e+00
   5.1336460e+00
   5.8712542e+00
   3.9110722e+00
   4.1849313e+00
   4.7663960e+00
   4.9269246e+00
   5.5777610e+00
   3.8148585e+00
   4.6358001e+00
   6.4356126e+00
   3.7674078e+00
   5.0316086e+00
   4.9780671e+00
   5.4327699e+00
   5.0005357e+00
   7.0648568e+00
   4.3933499e+00
   5.9756424e+00
   4.7490682e+00
   6.2247973e+00
   5.5444340e+00
   4.6306648e+00
   5.7152849e+00
   5.5928386e+00
   4.8230322e+00
   5.8014123e+00
   5.1181546e+00
   4.1792239e+00
   4.6041864e+00
   5.5252619e+00
   5.2034622e+00
   4.6887261e+00
   5.7439467e+00
   5.0308441e+00
   5.6440539e+00
   5.7378166e+00
   4.2474307e+00
   4.4998244e+00
   5.8243871e+00
   5.9714033e+00
   5.4103403e+00
   5.2003026e+00
   5.2373491e+00
   3.0852611e+00
   4.1979800e+00
   5.7167053e+00
   5.0201957e+00
   4.4812746e+00
   5.4518114e+00
   4.6853038e+00
   5.4240153e+00
   5.7896392e+00
   5.9673735e+00
   5.3137205e+00
   4.8963017e+00
   4.5563345e+00
   5.7258883e+00
   3.9998367e+00
   6.0156567e+00
   5.4545175e+00
   2.1895919e+00
   4.7044616e-01
   6.7886472e+00
   6.7929641e+00
   9.3469290e+00
   3.8350208e+00
   5.1941637e+00
   8.3096535e+00
   3.4572111e-01
   5.3461635e-01
   5.2970019e+00
   6.7114938e+00
   7.6981862e-02
   3.8341565e+00
   6.6842238e-01
   4.1748597e+00
   6.8677271e+00
   5.8897664e+00
   9.3043649e+00
   8.4616689e+00
   5.2692878e+00
   9.1964891e-01
   6.5391896e+00
   4.1599936e+00
   7.0119059e+00
   9.1032083e+00
   7.6219804e+00
   2.6245299e+00
   4.7464514e-01
   7.3608188e+00
   3.2823423e+00
   6.3263857e+00
   7.5641049e+00
   9.9103739e+00
   3.6533867e+00
   2.4703889e+00
   9.8255029e+00
   7.2266040e+00
   7.5335583e+00
   6.5151857e+00
   7.2685883e-01
   6.3163472e+00
   8.8470713e+00
   2.7270997e+00
   4.3641141e+00
   7.6649478e+00
   4.7773177e+00
   2.3777443e+00
   2.7490684e+00
   3.5926498e+00
   1.6650720e+00
   4.8651738e+00
   8.9765629e+00
   9.0920810e+00
   6.0564328e-01
   9.0465309e+00
   5.0452289e+00
   5.1629196e+00
   3.1903294e+00
   9.8664211e+00
   4.9397668e+00
   2.6614451e+00
   9.0732895e-01
   9.4776425e+00
   7.3749075e-01
   5.0070709e+00
   3.8414215e+00
   2.7708180e+00
   9.1381744e+00
   5.2974739e+00
   4.6444582e+00
   9.4097995e+00
   5.0083984e-01
   7.6151426e+00
   7.7020455e+00
   8.2781730e+00
   1.2536538e+00
   1.5867701e-01
   6.8845530e+00
   8.6824713e+00
   6.2954342e+00
   7.3622451e+00
   7.2541200e+00
   9.9945788e+00
   8.8857221e+00
   2.3319488e+00
   3.0632183e+00
   3.5101525e+00
   5.1327370e+00
   5.9111358e+00
   8.4598156e+00
   4.1208077e+00
   8.4151064e+00
   2.6931727e+00
   4.1539462e+00
   5.3730398e+00
   4.6791737e+00
   2.8721237e+00
   1.7832770e+00
   1.5371998e+00
   5.7165481e+00
   8.0240573e+00
   3.3053754e-01
   5.3444984e+00
   4.9848012e+00
   9.5536076e+00
   7.4829265e+00
   5.5458385e+00
   8.9073748e+00
   6.2484929e+00
   8.4203961e+00
   1.5976752e+00
   2.1275151e+00
   7.1470997e+00
   1.3042726e+00
   9.0990337e-01
   2.7458815e+00
   2.9996010e-02
   4.1429326e+00
   2.6876291e-01
   7.0981959e+00
   9.3789730e+00
   2.3991080e+00
   1.8089591e+00
   3.1753954e+00
   8.8699066e+00
   6.5205869e+00
   1.5033506e+00
   6.8134621e+00
   3.8581470e+00
   3.8772534e+00
   4.9974103e+00
   1.4753300e+00
   5.8718662e+00
   8.4557566e+00
   5.9010861e+00
   9.5540883e+00
   5.5614614e+00
   1.4815156e+00
   9.8330510e+00
   4.0876669e+00
   1.4181977e+00
   5.6489868e+00
   2.5212641e+00
   4.8851455e+00
   4.6403053e+00
   9.6109514e+00
   1.2603081e+00
   1.9975720e+00
   3.1924967e+00
   6.2926916e+00
   1.2671216e+00
   6.5125374e+00
   6.2163403e+00
   8.0307300e+00
   2.4784176e+00
   4.7643180e+00
   3.8931417e+00
   2.0325033e+00
   2.8375181e-01
   9.0167350e+00
   4.2649741e+00
   1.4202103e+00
   9.4748678e+00
   4.1031304e+00
   1.3118853e+00
   8.8564837e+00
   9.2173630e-01
   1.6219855e+00
   7.1063565e-01
   3.6533903e+00
   2.5305736e+00
   1.3510937e+00
   7.8315317e+00
   4.5530728e+00
   3.4952414e+00
   4.5230017e+00
   8.0894459e+00
   9.3167440e+00
   6.5164606e+00
   2.1524838e+00
   6.7959237e+00
   9.0892189e+00
   2.5012559e+00
   8.6085984e+00
   4.7126233e+00
   5.0595588e+00
   6.0039374e+00
   8.1756148e+00
   7.5584353e+00
   4.6224498e+00
   9.5136745e+00
   6.3273870e+00
   4.3933032e+00
   8.2469739e+00
   6.8898091e+00
   7.0220665e+00
   9.8714550e+00
   9.5441490e+00
   8.5126967e+00
   2.8931620e+00
   5.3742574e+00
   5.1443467e+00
   1.0343393e+00
   4.1402848e+00
   5.7671664e+00
   8.7656572e+00
   4.4003866e+00
   7.2974768e+00
   8.6926374e+00
   7.1564233e+00
   8.0072033e+00
   7.0653547e+00
   7.4171590e+00
   1.9092404e-01
   8.8603112e+00
   5.2498741e+00
   4.6332273e+00
   6.5193873e-01
   7.1342232e+00
   4.8894316e+00
   6.6767907e+00
   6.8204912e+00
   1.9955475e+00
   9.1663390e+00
   8.6588267e+00
   8.9001868e+00
   5.4394831e+00
   1.3919500e+00
   4.5034744e+00
   9.8936250e+00
   2.1553198e+00
   4.4602343e+00
   3.1573241e+00
   5.1465946e+00
   8.8150412e+00
   4.3972556e+00
   4.6753178e+00
   8.0664992e+00
   3.6515806e+00
   2.1151896e+00
   9.9911665e+00
   1.5360448e+00
   6.3048827e+00
   6.1635037e+00
   5.9504248e-03
   8.7899994e-03
   7.7335202e+00
   7.2733499e+00
   3.1917759e+00
   4.1772372e+00
   6.8249423e+00
   6.8056198e+00
   2.0526188e+00
   8.3641988e+00
   7.0892061e+00
   8.2870795e+00
   9.4548803e-01
   8.1737610e-01
   7.6400485e+00
   6.2957184e+00
   2.1385218e+00
   2.1354680e+00
   8.1060797e-01
   3.8882324e+00
   9.5215967e+00
   9.4754506e+00
   3.8985359e+00
   2.6921474e+00
   6.9216898e+00
   2.8403504e+00
   7.7686582e+00
   7.8386520e+00
   4.2245982e+00
   2.8215589e+00
   1.9396747e+00
   1.1316227e-01
   1.9182384e+00
   9.8323580e+00
   2.4405425e+00
   8.1972609e+00
   1.3645494e+00
   3.9814369e+00
   6.0101011e+00
   1.7688037e+00
   8.2835472e+00
   1.5773118e+00
   9.8793700e+00
   2.5716866e+00
   2.3359919e+00
   1.0163738e+00
   2.1941065e+00
   6.3471744e+00
   6.9600730e+00
   7.9476981e+00
   6.9624281e+00
   7.5294041e+00
   6.6952064e+00
   6.3342991e+00
   5.6440663e-01
   5.9821664e+00
   2.2700772e+00
   3.1877788e+00
   6.9983444e+00
   1.1743694e+00
   7.6257072e+00
   5.2612328e+00
   5.5391135e+00
   5.8798891e+00
   3.2966639e+00
   7.0298941e+00
   1.4304526e+00
   1.6168771e+00
   4.8532518e+00
   8.6022570e+00
   8.1326571e+00
   5.5683578e+00
   7.3899661e+00
   3.1600734e+00
   1.3533222e+00
   5.2854827e+00
   3.1073887e+00
   5.8811912e+00
   5.1808359e+00
   4.3084779e+00
   2.5884276e+00
   3.7022628e+00
   3.9301760e+00
   4.4686594e+00
   4.7589622e+00
   3.8783122e+00
   2.7929305e+00
   7.8263208e-01
   3.6974201e+00
   2.5392228e+00
   6.7178415e+00
   6.7623692e+00
   5.1393637e+00
   7.2860836e+00
   7.2076782e+00
   9.4475282e+00
   4.6069734e+00
   9.4016312e+00
   3.2156009e+00
   4.6043417e+00
   5.1714532e+00
   6.6135550e+00
   4.0183291e+00
   6.0563970e+00
   9.8650267e+00
   1.5039389e+00
   6.7009840e+00
   3.4381756e+00
   5.4171017e+00
   5.2280771e+00
   8.2923871e+00
   1.4950569e-01
   2.7420973e+00
   6.4297889e+00
   5.4613660e+00
   9.1784772e+00
   2.6661332e+00
   9.7008667e+00
   2.4673315e+00
   8.4397537e+00
   6.9402367e+00
   4.5575160e+00
   8.1710133e+00
   2.2083700e-01
   1.6074891e+00
   7.0694995e+00
   7.0782630e+00
   4.3663845e+00
   5.8242112e+00
   7.5171009e+00
   9.9153303e+00
   6.9567915e+00
   2.7951174e+00
   7.5386275e+00
   1.7117893e+00
   4.2539234e-02
   4.9569108e+00
   7.9916885e-01
   1.6308106e+00
   9.0330118e+00
   7.8299201e+00
   7.4667915e+00
   4.3642568e+00
   6.3416902e-02
   5.8478720e+00
   5.1847842e+00
   6.6849766e-01
   5.4402271e+00
   3.8973141e+00
   2.1582589e+00
   3.8576943e+00
   6.2686137e+00
   6.5905333e+00
   7.0931985e+00
   5.3866129e+00
   2.8028892e+00
   8.1593217e+00
   3.7190969e+00
   6.8610163e+00
   3.1016894e+00
   9.3475217e-02
   1.0379728e+00
   5.2096007e+00
   7.7588033e+00
   2.2068515e+00
   5.5278791e-01
   7.0634871e-01
   1.6027392e+00
   7.2376373e+00
   2.9702211e+00
   5.0602594e-01
   4.7780432e+00
   4.5716190e+00
   5.1998849e+00
   4.4648958e+00
   1.5031153e+00
   2.8594239e+00
   8.3368213e+00
   6.9563740e+00
   5.7777600e+00
   6.8116447e+00
   3.3117496e+00
   5.7475271e-01
   9.8688299e+00
   5.4239315e+00
   1.6574161e-02
   8.5619262e+00
   2.9355480e-01
   3.7755040e+00
   4.8965170e+00
   5.7617296e+00
   7.3895873e+00
   6.7933220e+00
   5.3626677e+00
   3.5587702e-01
   1.2250689e+00
   9.7335564e+00
   1.8827580e+00
   3.5131874e+00
   6.1412552e+00
   6.0761147e+00
   1.2593282e+00
   5.5286214e+00
   9.5402850e+00
   3.5692498e+00
   8.3810164e+00
   9.7425234e+00
   2.5901419e+00
   2.5152760e+00
   4.2433587e+00
   8.1304801e+00
   8.9791424e+00
   2.4458622e+00
   7.6061729e+00
   6.9485642e+00
   4.5185123e+00
   2.6362025e+00
   6.6550346e+00
   1.1657105e+00
   2.0956231e+00
   1.1367567e+00
   5.4697484e+00
   6.0793702e-02
   1.7597426e+00
   5.9935931e+00
   4.3190828e+00
   8.2506540e-01
   6.8741449e+00
   3.7531006e+00
   8.3620656e+00
   1.2363737e+00
   9.7334620e+00
   2.9635292e-01
   8.0353082e-01
   4.9424463e+00
   7.6943738e+00
   9.3403047e+00
   2.5015527e+00
   3.5965783e+00
   7.6911406e+00
   4.9995533e+00
   7.4925162e+00
   6.7190347e+00
   6.8166578e+00
   7.5677018e+00
   3.6367619e-01
   2.3057188e+00
   2.2166732e+00
   5.6260205e+00
   6.5262192e+00
   6.1661043e+00
   3.7146575e+00
   2.2480120e+00
   2.3369150e+00
   6.5301160e+00
   1.6592754e+00
   7.4410423e+00
   1.5975770e+00
   4.7638603e-01
   6.6199351e+00
   1.2494491e+00
   9.4915715e+00
   4.8418046e+00
   6.2104564e+00
   9.1402499e+00
   1.7944520e-01
   5.9354566e+00
   7.2187164e+00
   4.9658200e+00
   5.3694391e-01
   4.4163260e+00
   5.1917486e+00
   7.7194415e+00
   6.5356268e-01
   4.4279034e+00
   9.7718021e+00
   4.6774136e+00
   3.2905610e+00
   4.4592987e+00
   7.4327395e+00
   2.0534131e+00
   1.7137934e+00
   3.7251977e+00
   9.3972540e+00
   9.6485125e+00
   2.5495748e+00
   7.0335208e-01
   1.2384877e+00
   5.2633784e+00
   1.6008316e+00
   5.1770722e+00
   1.0518484e+00
   8.4157604e+00
   3.6856214e+00
   4.2389048e+00
   3.2722756e+00
   7.1354654e+00
   5.7677586e+00
   8.7188423e+00
   7.5824577e+00
   8.3659783e+00
   6.9979110e+00
   3.8906023e+00
   9.3524160e+00
   6.0560255e+00
   3.6208363e+00
   5.3950467e+00
   4.5507239e+00
   4.0169218e+00
   2.4044048e+00
   8.3085713e-01
   4.2157865e+00
   4.7237995e+00
   2.8976646e+00
   1.0496914e+00
   2.1638615e+00
   8.0201865e+00
   5.2743909e+00
   6.6882035e+00
   8.6364275e+00
   2.4375032e+00
   7.1156445e+00
   2.6366293e+00
   3.8282150e+00
   8.1005519e-01
   4.5976277e+00
   2.3286698e+00
   7.9535261e+00
   4.9134308e+00
   3.2287808e-02
   2.6611916e+00
   6.6468883e+00
   4.2519110e+00
   1.8682474e+00
   9.6347558e+00
   1.3403914e+00
   7.9585566e+00
   9.4604457e+00
   1.7115523e+00
   6.0600130e+00
   6.3803623e-01
   3.4749167e+00
   2.9246800e+00
   5.0965823e+00
   8.2583652e+00
   8.3433846e+00
   7.2644312e+00
   3.2943429e+00
   8.0208436e+00
   6.3176327e+00
   4.5340716e-01
   4.1420439e-01
   1.5331511e+00
   7.6706502e+00
   6.1731380e-01
