7.457080557496150064e+00
1.625682342005246994e+01
1.312910669193915680e+01
9.597667829927662098e+00
1.424465355823167023e+01
9.161716345535273476e+00
7.586665829661322746e+00
1.544757519361116138e+01
4.911182106493113153e+00
1.113264102868805239e+01
9.812802741303217502e+00
9.980833678017880572e+00
1.190798490704758450e+01
8.742360253016220994e+00
1.300261036026266837e+01
5.554430594628412265e+00
1.377812599117378589e+01
4.071962723111603566e+00
1.498971390869949261e+01
5.589191072972483632e+00
1.083221256560027257e+01
1.633123055427155990e+01
1.128320557723622208e+01
1.120362836632161319e+01
1.441428061246289616e+01
7.904836365272648990e+00
5.521661699553170877e+00
6.093678606101640582e+00
1.388500115197104101e+01
1.162876601626748752e+01
1.013382701118237073e+01
7.401537552985855584e+00
1.428101852067113242e+01
6.685765047612455270e+00
5.577271026128216569e+00
5.916285149874617844e+00
9.489361421790187379e+00
1.226892490812035774e+01
5.946244391273644680e+00
5.461879202356598739e+00
1.191880131611355509e+01
1.003125542593186914e+01
6.348704268288094532e+00
1.130642379778187490e+01
9.636297724834134826e+00
1.131423314033873595e+01
1.039818794166961702e+01
1.053922860054267652e+01
1.004983700227657906e+01
1.123490482557145143e+01
7.198469003504515129e+00
6.470337499636578116e+00
1.274539550783494946e+01
1.497443527881776859e+01
7.927690918899356731e+00
1.455080888014501994e+01
1.242860058340143325e+01
1.321620963007688232e+01
9.609484153570441833e+00
9.583209314585259264e+00
1.442168791161942565e+01
1.063790121276648293e+01
3.900848553550593234e+00
9.795049126820909891e+00
1.315079299410255409e+01
9.564854254477051398e+00
1.025755889532499587e+01
3.810835102749614567e+00
8.771279665996738473e+00
1.182513080611489187e+01
1.169710798929375173e+01
5.869669318640662325e+00
1.019899244610819622e+01
1.135011108064021457e+01
1.427449529284975327e+01
1.149599199439656516e+01
9.284411644627885707e+00
1.081858307158015187e+01
6.838131023531359709e+00
1.143111312898751386e+01
1.010569602105915266e+01
1.101475596471922103e+01
7.946645641471921095e+00
8.206592019128763127e+00
1.018155133493403319e+01
1.080555837759503035e+01
1.151634872489106520e+01
6.308588906461832124e+00
9.749703475538842312e+00
1.455180593649941834e+01
7.327715652101566945e+00
1.006305008529185940e+01
1.410848984761625680e+01
1.268214255114384237e+01
8.512730116697529326e+00
9.351538049410624609e+00
5.582255958641948013e+00
1.066424426431578532e+01
1.095964844971975793e+01
6.855661417074312425e+00
